$ln;Demo Level;NewMap
0;Crew Quarters:-8,-7,0:7,5,0:7,6,0:9,6,0:9,5,0:10,5,0:8,6,0:10,6,0:11,5,0:11,4,0:11,3,0:10,4,0:10,3,0:10,2,0:9,4,0:8,4,0:7,4,0:8,3,0:7,3,0:9,3,0:8,2,0:8,1,0:9,1,0:9,2,0:7,2,0:7,1,0:7,0,0:8,0,0:9,0,0:10,0,0:10,1,0:11,0,0:5,4,0:12,4,0:13,4,0:14,4,0
1;Crew Quarters Hidden:-7,-7,0:6,6,0:6,5,0:6,4,0:6,3,0:6,2,0:6,1,0:6,0,0:5,0,0:5,3,0:5,2,0:5,1,0:3,2,0:4,2,0:4,3,0:4,4,0:4,5,0:4,6,0:5,6,0:5,5,0:12,6,0:11,6,0:13,6,0:13,5,0:12,5,0:8,5,0
2;Maintainence:-8,-8,0:22,4,0:21,4,0:20,4,0:20,3,0:19,3,0:19,2,0:19,4,0:20,2,0:20,1,0:21,1,0:22,1,0:22,0,0:22,2,0:22,3,0:21,3,0:21,2,0:20,5,0:20,6,0:20,7,0:19,7,0:19,6,0:18,7,0:17,7,0:17,8,0:17,9,0:17,10,0:17,11,0:18,11,0:18,10,0:18,9,0:18,8,0
3;Maintainence Hidden:-7,-8,0:18,6,0:17,6,0:16,6,0:16,7,0:16,8,0:16,9,0:16,10,0:16,11,0:15,11,0:15,10,0:15,9,0:15,8,0:14,11,0:14,12,0:13,12,0:12,12,0:12,11,0:13,11,0:13,10,0:12,10,0:11,10,0:10,10,0:9,10,0:9,11,0:9,12,0:8,12,0:8,13,0:7,13,0:6,13,0:6,12,0:6,11,0:6,10,0:7,10,0:7,11,0:7,12,0:8,11,0:10,11,0:11,11,0:11,12,0:10,12,0:9,13,0:19,1,0:19,0,0:20,0,0:21,0,0:21,-1,0:20,-1,0:19,-1,0
4;Internals:-8,-10,0:15,7,0:15,6,0:15,5,0:16,5,0:14,5,0:19,5,0:14,10,0:14,9,0:13,9,0:12,9,0:11,9,0:10,9,0:9,9,0:8,9,0:7,9,0:6,9,0:5,9,0:8,10,0:6,7,0:5,7,0:4,7,0:3,7,0
5;Internals Hidden:-7,-10,0:5,8,0:6,8,0:7,8,0:8,8,0:9,8,0:10,8,0:11,8,0:12,8,0:13,8,0:14,8,0:14,7,0:13,7,0:12,7,0:11,7,0:10,7,0:9,7,0:8,7,0:7,7,0:14,6,0:17,5,0:17,4,0:18,4,0:18,5,0
6;BRS:-8,-9,0:14,-3,0:12,-2,0:12,-1,0:12,0,0:12,1,0:12,2,0:12,3,0:11,2,0:11,1,0:13,1,0:14,1,0:15,1,0:16,1,0:17,1,0:18,1,0:18,0,0:15,0,0:13,2,0:14,2,0:15,2,0:16,2,0:17,2,0:18,2,0:18,3,0:17,3,0:16,3,0:15,3,0:14,3,0:13,3,0:16,4,0:15,4,0
7;BRS Hidden:-7,-9,0:13,0,0:14,0,0:14,-1,0:13,-1,0:13,-2,0:14,-2,0:15,-2,0:16,-2,0:17,-2,0:18,-2,0:18,-1,0:17,-1,0:16,-1,0:15,-1,0:16,0,0:17,0,0
8;Docking Bay:-8,-6,0:3,5,1:2,5,1:1,5,1:0,5,1:-1,5,1:-1,4,1:0,4,1:1,4,1:2,4,1:3,4,1:1,3,1:0,3,1:6,-1,0:7,-1,0:8,-1,0:9,-1,0:10,-1,0:11,-1,0:11,-2,0:10,-2,0:9,-2,0:8,-2,0:7,-2,0:6,-2,0:6,-3,0:7,-3,0:8,-3,0:9,-3,0:10,-3,0:11,-3,0:9,-4,0:8,-4,0:7,-4,0:6,-4,0
9;Docking Bay Hidden:-7,-6,0:13,-3,0:12,-3,0
10;Operations:21,7,0:21,6,0:22,6,0:22,5,0:22,7,0:21,5,0:23,5,0:23,4,0:23,3,0:23,2,0:23,1,0:23,0,0:24,1,0:24,2,0:21,10,0:-10,-5,0:-8,-5,0
11;Operations Hidden:20,10,0:19,10,0:19,9,0:19,8,0:20,8,0:20,9,0:21,9,0:22,9,0:23,9,0:23,8,0:22,8,0:24,8,0:21,8,0:23,7,0:23,6,0:24,6,0:24,7,0:25,6,0:25,5,0:25,4,0:24,4,0:24,3,0:24,5,0:25,3,0:-7,-5,0:-9,-5,0
12;_BOSS_Matrix:14,-3,0
13;_SPECIAL_Map:12,3,0:9,4,0:8,10,0:22,4,0:21,7,0
14;_SPECIAL_Save:15,0,0:13,-2,0:5,4,0:11,0,0:21,6,0:21,10,0:14,12,0
15;_SPECIAL_Pickup:3,2,0:4,2,0:9,13,0:8,13,0:8,12,0:9,12,0:15,10,0:15,9,0:15,8,0
16;_NONE:8,5,0
17;_MUSEFFECT_DockPower:11,-1,0:10,-1,0:9,-1,0:8,-1,0:7,-1,0:7,-2,0:6,-2,0:6,-3,0:6,-4,0:6,-1,0:7,-3,0:7,-4,0:8,-3,0:8,-4,0:8,-2,0:9,-2,0:9,-3,0:9,-4,0:10,-2,0:11,-2,0:11,-3,0:10,-3,0:12,-3,0:13,-3,0
[0,5,1]
2,1,2,0|ffb400,,,,||
[1,3,1]
0,-1,1,0|ffb400,,,,||
[1,4,1]
4,-1,1,-1|ffb400,,,,||
[1,5,1]
1,0,2,-1|ffb400,,,,||
[2,5,1]
-1,0,1,1|ffb400,,,,||
[3,5,1]
0,0,-1,0|ffb400,,,,||
[-1,5,1]
2,0,0,-1|ffb400,,,,||
[-1,4,1]
1,-1,0,0|ffb400,,,,||
[0,4,1]
1,0,1,0|ffb400,,,,||
[0,3,1]
1,0,0,0|ffb400,,,,||
[3,4,1]
0,0,-1,0|ffb400,,,,||
[2,4,1]
-1,1,1,0|ffb400,,,,||
[13,-2,0]
1,0,2,0|ad0000,,,,|3|Scenes/Rooms/Biological Research Sector/save_room_brs.tscn
[14,-2,0]
2,0,1,2|ad0000,,,,||Scenes/Rooms/Biological Research Sector/analysis_room_brs.tscn
[14,-3,0]
0,2,0,0|ff0000,,,,|5|Scenes/Rooms/Biological Research Sector/containment_room.tscn
[12,-2,0]
2,-1,0,0|ff0000,,,,||Scenes/Rooms/Biological Research Sector/elevator_shaft_brs.tscn
[14,-1,0]
1,-1,0,0|ad0000,,,,||Scenes/Rooms/Biological Research Sector/laboratories_brs.tscn
[12,-1,0]
0,-1,0,-1|ff0000,,,,||Scenes/Rooms/Biological Research Sector/elevator_shaft_brs.tscn
[16,-1,0]
-1,-1,1,0|ad0000,,,,||Scenes/Rooms/Biological Research Sector/reactor_brs.tscn
[17,-1,0]
1,-1,-1,0|ad0000,,,,||Scenes/Rooms/Biological Research Sector/reactor_brs.tscn
[18,-2,0]
0,-1,-1,0|ad0000,,,,||Scenes/Rooms/Biological Research Sector/genetic_modification_brs.tscn
[18,-1,0]
0,0,1,-1|ad0000,,,,||Scenes/Rooms/Biological Research Sector/genetic_modification_brs.tscn
[17,-2,0]
-1,0,1,0|ad0000,,,,||Scenes/Rooms/Biological Research Sector/genetic_modification_brs.tscn
[15,-2,0]
-1,0,2,0|ad0000,,,,|2|Scenes/Rooms/Biological Research Sector/containment_access_brs.tscn
[16,-2,0]
1,0,-1,0|ad0000,,,,||Scenes/Rooms/Biological Research Sector/containment_access_brs.tscn
[11,1,0]
-1,0,2,0|ff0000,,,,||Scenes/Rooms/Biological Research Sector/entry_way_brs.tscn
[12,1,0]
-1,0,-1,1|ff0000,,,,||Scenes/Rooms/Biological Research Sector/entry_way_brs.tscn
[13,1,0]
-1,0,-1,0|ff0000,,,,||Scenes/Rooms/Biological Research Sector/entry_way_brs.tscn
[14,1,0]
1,0,-1,0|ff0000,,,,||Scenes/Rooms/Biological Research Sector/entry_way_brs.tscn
[15,1,0]
1,-1,1,1|ff0000,,,,||Scenes/Rooms/Biological Research Sector/stairway_brs.tscn
[12,0,0]
0,1,0,-1|ff0000,,,,||Scenes/Rooms/Biological Research Sector/elevator_shaft_brs.tscn
[15,2,0]
0,-1,1,-1|ff0000,,,,||Scenes/Rooms/Biological Research Sector/stairway_brs.tscn
[14,0,0]
0,0,-1,-1|ad0000,,,,||Scenes/Rooms/Biological Research Sector/laboratories_brs.tscn
[13,0,0]
-1,0,4,0|ad0000,,,,||Scenes/Rooms/Biological Research Sector/laboratories_brs.tscn
[16,0,0]
-1,0,0,-1|ad0000,,,,||Scenes/Rooms/Biological Research Sector/reactor_brs.tscn
[17,0,0]
0,0,-1,-1|ad0000,,,,||Scenes/Rooms/Biological Research Sector/reactor_brs.tscn
[18,0,0]
0,1,0,0|ff0000,,,,|0|Scenes/Rooms/Biological Research Sector/reactor_control_brs.tscn
[15,3,0]
1,0,1,-1|ff0000,,,,||Scenes/Rooms/Biological Research Sector/stairway_brs.tscn
[13,3,0]
-1,0,1,0|ff0000,,,,||Scenes/Rooms/Biological Research Sector/map_access.tscn
[14,3,0]
1,0,-1,0|ff0000,,,,||Scenes/Rooms/Biological Research Sector/map_access.tscn
[12,3,0]
1,0,0,0|ff0000,,,,|4|Scenes/Rooms/Biological Research Sector/map_room_lower_brs.tscn
[16,3,0]
-1,-1,1,0|ff0000,,,,||Scenes/Rooms/Biological Research Sector/lower_entryway_brs.tscn
[16,1,0]
0,-1,1,0|ff0000,,,,||Scenes/Rooms/Biological Research Sector/reactor_chamber_brs.tscn
[16,2,0]
-1,0,0,-1|ff0000,,,,||Scenes/Rooms/Biological Research Sector/reactor_chamber_brs.tscn
[13,2,0]
-1,0,-1,0|ff0000,,,,||Scenes/Rooms/Biological Research Sector/communications_bay_brs.tscn
[14,2,0]
1,0,-1,0|ff0000,,,,||Scenes/Rooms/Biological Research Sector/communications_bay_brs.tscn
[12,2,0]
-1,0,1,0|ff0000,,,,||Scenes/Rooms/Biological Research Sector/communications_bay_brs.tscn
[15,4,0]
1,4,0,0|ff0000,,,,|0|Scenes/Rooms/Biological Research Sector/restrooms_brs.tscn
[11,2,0]
1,0,0,0|ff0000,,,,|0|Scenes/Rooms/Biological Research Sector/faulty_communications_chamber_brs.tscn
[-10,-9,0]
-1,-1,0,-1|ff0000,,,,||
[-9,-9,0]
0,-1,-1,-1|ad0000,,,,||
[-10,-8,0]
-1,-1,0,-1|00ff91,,,,||
[-9,-8,0]
0,-1,-1,-1|00ae63,,,,||
[-10,-7,0]
-1,-1,0,-1|0023ff,,,,||
[-9,-7,0]
0,-1,-1,-1|0017a2,,,,||
[-10,-6,0]
-1,-1,0,-1|ffb400,,,,||
[-9,-6,0]
0,-1,-1,-1|b78100,,,,||
[-7,-9,0]
0,0,-1,0|ad0000,,,,||
[17,2,0]
-1,0,-1,-1|ff0000,,,,||Scenes/Rooms/Biological Research Sector/reactor_chamber_brs.tscn
[18,2,0]
0,0,-1,-1|ff0000,,,,||Scenes/Rooms/Biological Research Sector/reactor_chamber_brs.tscn
[17,1,0]
0,-1,0,0|ff0000,,,,||Scenes/Rooms/Biological Research Sector/reactor_chamber_brs.tscn
[18,1,0]
0,-1,0,1|ff0000,,,,||Scenes/Rooms/Biological Research Sector/reactor_chamber_brs.tscn
[17,3,0]
-1,0,-1,0|ff0000,,,,||Scenes/Rooms/Biological Research Sector/lower_entryway_brs.tscn
[16,4,0]
0,0,1,-1|ff0000,,,,||Scenes/Rooms/Biological Research Sector/lower_entryway_brs.tscn
[18,3,0]
1,0,-1,0|ff0000,,,,||Scenes/Rooms/Biological Research Sector/lower_entryway_brs.tscn
[15,-1,0]
1,0,1,0|ad0000,,,,||Scenes/Rooms/Biological Research Sector/management_brs.tscn
[15,0,0]
0,1,0,0|ff0000,,,,|3|Scenes/Rooms/Biological Research Sector/central_save_brs.tscn
[13,-1,0]
4,0,0,0|ad0000,,,,|0|Scenes/Rooms/Biological Research Sector/specimen_storage_brs.tscn
[-10,-10,0]
-1,-1,0,0|f200ff,,,,||
[-9,-10,0]
0,-1,-1,0|9d00a6,,,,||
[-8,-10,0]
-1,0,0,0|f200ff,,,,||
[-7,-10,0]
0,0,-1,0|9d00a6,,,,||
[-8,-8,0]
-1,0,0,0|00ff91,,,,||
[-7,-8,0]
0,0,-1,0|00ae63,,,,||
[-8,-7,0]
-1,0,0,0|0023ff,,,,||
[-7,-7,0]
0,0,-1,0|0017a2,,,,||
[-8,-6,0]
-1,0,0,0|ffb400,,,,||
[-7,-6,0]
0,0,-1,0|b78100,,,,||
[-8,-9,0]
-1,0,0,0|ff0000,,,,||
[12,3,1]
1,0,0,0|ff0000,,,,|4|
[11,2,1]
1,0,0,0|ff0000,,,,|0|
[15,0,1]
0,1,0,0|ff0000,,,,|3|
[18,0,1]
0,1,0,0|ff0000,,,,|0|
[13,-1,1]
0,0,0,0|ad0000,,,,|0|
[13,-2,1]
1,0,2,0|ad0000,,,,|3|
[14,-2,1]
2,0,1,2|ad0000,,,,||
[14,-3,1]
-1,2,0,0|ff0000,,,,||
[15,-3,1]
0,0,-1,0|ff0000,,,,|5|
[15,-2,1]
-1,0,2,0|ad0000,,,,|2|
[16,-2,1]
1,0,-1,0|ad0000,,,,||
[16,-1,1]
-1,-1,1,0|ad0000,,,,||
[17,-1,1]
1,-1,-1,0|ad0000,,,,||
[16,0,1]
-1,0,0,-1|ad0000,,,,||
[17,0,1]
0,0,-1,-1|ad0000,,,,||
[15,-1,1]
1,0,1,0|ad0000,,,,||
[14,-1,1]
1,-1,0,0|ad0000,,,,||
[14,0,1]
0,0,-1,-1|ad0000,,,,||
[13,0,1]
-1,0,4,0|ad0000,,,,||
[12,-2,1]
2,-1,0,0|ff0000,,,,||
[12,-1,1]
0,-1,0,-1|ff0000,,,,||
[12,0,1]
4,1,0,-1|ff0000,,,,||
[11,1,1]
-1,0,1,0|ff0000,,,,||
[12,1,1]
-1,0,-1,1|ff0000,,,,||
[13,1,1]
-1,0,-1,0|ff0000,,,,||
[14,1,1]
1,0,-1,0|ff0000,,,,||
[15,1,1]
1,-1,1,1|ff0000,,,,||
[15,2,1]
0,-1,1,-1|ff0000,,,,||
[15,3,1]
1,0,1,-1|ff0000,,,,||
[16,1,1]
0,-1,1,0|ff0000,,,,||
[16,2,1]
-1,0,0,-1|ff0000,,,,||
[17,2,1]
-1,0,-1,-1|ff0000,,,,||
[18,2,1]
0,0,-1,-1|ff0000,,,,||
[17,1,1]
0,-1,0,0|ff0000,,,,||
[18,1,1]
0,-1,0,1|ff0000,,,,||
[16,3,1]
-1,-1,1,0|ff0000,,,,||
[17,3,1]
-1,0,-1,0|ff0000,,,,||
[18,3,1]
1,0,-1,0|ff0000,,,,||
[16,4,1]
0,0,0,-1|ff0000,,,,||
[13,3,1]
-1,0,1,0|ff0000,,,,||
[14,3,1]
1,0,-1,0|ff0000,,,,||
[12,2,1]
-1,0,1,0|ff0000,,,,||
[13,2,1]
-1,0,-1,0|ff0000,,,,||
[14,2,1]
1,0,-1,0|ff0000,,,,||
[18,-2,1]
0,-1,-1,0|ad0000,,,,||
[18,-1,1]
0,0,1,-1|ad0000,,,,||
[17,-2,1]
-1,0,1,0|ad0000,,,,||
[15,4,1]
1,0,0,0|ff0000,,,,|0|
[10,4,0]
0,0,1,-1|0023ff,,,,||Scenes/Rooms/Crew Quaters/stairway_cq.tscn
[10,3,0]
1,-1,1,-1|0023ff,,,,||Scenes/Rooms/Crew Quaters/stairway_cq.tscn
[10,2,0]
0,-1,1,1|0023ff,,,,||Scenes/Rooms/Crew Quaters/stairway_cq.tscn
[11,5,0]
0,0,1,-1|0023ff,,,,||Scenes/Rooms/Crew Quaters/elevator_cq.tscn
[11,4,0]
1,-1,0,-1|0023ff,,,,||Scenes/Rooms/Crew Quaters/elevator_cq.tscn
[11,3,0]
0,-1,1,0|0023ff,,,,||Scenes/Rooms/Crew Quaters/elevator_cq.tscn
[10,1,0]
2,1,0,0|0023ff,,,,|2|Scenes/Rooms/Crew Quaters/theater_cq.tscn
[9,1,0]
0,-1,-1,0|0023ff,,,,||Scenes/Rooms/Crew Quaters/cafeteria.tscn
[8,1,0]
-1,-1,2,0|0023ff,,,,||Scenes/Rooms/Crew Quaters/cafeteria.tscn
[8,2,0]
-1,0,1,-1|0023ff,,,,||Scenes/Rooms/Crew Quaters/cafeteria.tscn
[9,2,0]
1,0,-1,-1|0023ff,,,,||Scenes/Rooms/Crew Quaters/cafeteria.tscn
[7,1,0]
2,0,0,-1|0023ff,,,,||Scenes/Rooms/Crew Quaters/entryway_cq.tscn
[7,2,0]
1,0,0,0|0023ff,,,,|2|Scenes/Rooms/Crew Quaters/kitchen_cq.tscn
[7,0,0]
-1,-1,0,0|0023ff,,,,||Scenes/Rooms/Crew Quaters/entryway_cq.tscn
[8,0,0]
-1,0,-1,0|0023ff,,,,||Scenes/Rooms/Crew Quaters/entryway_cq.tscn
[9,0,0]
-1,0,-1,1|0023ff,,,,||Scenes/Rooms/Crew Quaters/entryway_cq.tscn
[11,0,0]
0,0,1,0|0023ff,,,,|3|Scenes/Rooms/Crew Quaters/crew_quarters_east_save_cq.tscn
[10,0,0]
1,0,-1,0|0023ff,,,,||Scenes/Rooms/Crew Quaters/entryway_cq.tscn
[7,3,0]
-1,0,1,0|0023ff,,,,||Scenes/Rooms/Crew Quaters/cryo_room.tscn
[8,3,0]
-1,0,-1,0|0023ff,,,,||Scenes/Rooms/Crew Quaters/cryo_room.tscn
[9,3,0]
0,0,-1,0|0023ff,,,,||Scenes/Rooms/Crew Quaters/cryo_room.tscn
[6,0,0]
0,-1,-1,0|0017a2,,,,||Scenes/Rooms/Crew Quaters/cross_roads_cq.tscn
[6,1,0]
0,-1,1,-1|0017a2,,,,||Scenes/Rooms/Crew Quaters/cross_roads_cq.tscn
[6,2,0]
0,-1,0,-1|0017a2,,,,||Scenes/Rooms/Crew Quaters/cross_roads_cq.tscn
[6,3,0]
1,-1,0,-1|0017a2,,,,||Scenes/Rooms/Crew Quaters/cross_roads_cq.tscn
[6,4,0]
1,-1,1,-1|0017a2,,,,||Scenes/Rooms/Crew Quaters/cross_roads_cq.tscn
[7,4,0]
-1,0,0,0|0023ff,,,,||Scenes/Rooms/Crew Quaters/storage_cq.tscn
[8,4,0]
0,0,-1,0|0023ff,,,,|2|Scenes/Rooms/Crew Quaters/storage_cq.tscn
[9,4,0]
1,0,0,0|0023ff,,,,|4|Scenes/Rooms/Crew Quaters/crew_quarters_map.tscn
[7,5,0]
4,-1,0,0|0023ff,,,,||Scenes/Rooms/Crew Quaters/sewage_treatment_plant_cq.tscn
[7,6,0]
-1,0,1,-1|0023ff,,,,||Scenes/Rooms/Crew Quaters/sewage_treatment_plant_cq.tscn
[8,6,0]
-1,0,-1,0|0023ff,,,,||Scenes/Rooms/Crew Quaters/sewage_treatment_plant_cq.tscn
[9,6,0]
-1,0,-1,-1|0023ff,,,,||Scenes/Rooms/Crew Quaters/sewage_treatment_plant_cq.tscn
[9,5,0]
-1,-1,0,0|0023ff,,,,||Scenes/Rooms/Crew Quaters/sewage_treatment_plant_cq.tscn
[10,5,0]
1,-1,-1,0|0023ff,,,,||Scenes/Rooms/Crew Quaters/sewage_treatment_plant_cq.tscn
[10,6,0]
1,0,-1,-1|0023ff,,,,||Scenes/Rooms/Crew Quaters/sewage_treatment_plant_cq.tscn
[8,5,0]
0,0,4,0|0017a2,,,,|0|Scenes/Rooms/Crew Quaters/ship_operations_room_cq.tscn
[6,5,0]
0,1,0,-1|0017a2,,,,||Scenes/Rooms/Crew Quaters/cross_roads_cq.tscn
[6,6,0]
1,4,0,1|0017a2,,,,||Scenes/Rooms/Crew Quaters/sewage_access.tscn
[5,1,0]
1,-1,0,0|0017a2,,,,||Scenes/Rooms/Crew Quaters/green_room_cq.tscn
[5,2,0]
0,-1,1,-1|0017a2,,,,||Scenes/Rooms/Crew Quaters/green_room_cq.tscn
[5,3,0]
0,0,1,-1|0017a2,,,,||Scenes/Rooms/Crew Quaters/green_room_cq.tscn
[4,3,0]
1,-1,0,0|0017a2,,,,||Scenes/Rooms/Crew Quaters/engine_room_cq.tscn
[4,4,0]
0,-1,0,-1|0017a2,,,,||Scenes/Rooms/Crew Quaters/engine_room_cq.tscn
[4,5,0]
0,-1,0,-1|0017a2,,,,||Scenes/Rooms/Crew Quaters/engine_room_cq.tscn
[4,6,0]
1,0,0,-1|0017a2,,,,||Scenes/Rooms/Crew Quaters/engine_room_cq.tscn
[5,5,0]
0,-1,0,0|0017a2,,,,|0|Scenes/Rooms/Crew Quaters/managers_office_cq.tscn
[5,6,0]
0,4,1,-1|0017a2,,,,||Scenes/Rooms/Crew Quaters/managers_office_cq.tscn
[5,0,0]
-1,0,0,0|0017a2,,,,|0|Scenes/Rooms/Crew Quaters/cross_roads_cq.tscn
[3,2,0]
-1,0,0,0|0017a2,,,,|0|Scenes/Rooms/Crew Quaters/armory_cq.tscn
[4,2,0]
1,0,-1,0|0017a2,,,,|0|Scenes/Rooms/Crew Quaters/armory_cq.tscn
[5,4,0]
1,0,0,0|0023ff,,,,|3|Scenes/Rooms/Crew Quaters/crew_quarters_west_save_cq.tscn
[12,4,0]
-1,0,1,0|0023ff,,,,||Scenes/Rooms/Crew Quaters/shower_access_cq.tscn
[13,4,0]
1,0,-1,0|0023ff,,,,||Scenes/Rooms/Crew Quaters/shower_access_cq.tscn
[14,4,0]
0,4,1,0|0023ff,,,,|0|Scenes/Rooms/Crew Quaters/showers_cq.tscn
[11,6,0]
-1,0,1,0|0017a2,,,,||Scenes/Rooms/Crew Quaters/recycling_center.tscn
[12,6,0]
-1,0,-1,0|0017a2,,,,||Scenes/Rooms/Crew Quaters/recycling_center.tscn
[13,6,0]
0,0,-1,-1|0017a2,,,,||Scenes/Rooms/Crew Quaters/recycling_center.tscn
[12,5,0]
-1,0,0,0|0017a2,,,,|2|Scenes/Rooms/Crew Quaters/recycling_center.tscn
[13,5,0]
0,-1,-1,0|0017a2,,,,||Scenes/Rooms/Crew Quaters/recycling_center.tscn
[19,3,0]
1,1,1,-1|00ff91,,,,||Scenes/Rooms/Research Sector/entrance_rs.tscn
[22,2,0]
0,-1,-1,0|00ff91,,,,||
[21,3,0]
-1,1,-1,-1|00ff91,,,,||
[22,3,0]
0,0,-1,-1|00ff91,,,,||
[19,4,0]
-1,0,0,0|00ff91,,,,||Scenes/Rooms/Research Sector/labs_rs.tscn
[20,4,0]
-1,1,-1,0|00ff91,,,,||Scenes/Rooms/Research Sector/labs_rs.tscn
[21,4,0]
1,0,-1,1|00ff91,,,,||Scenes/Rooms/Research Sector/labs_rs.tscn
[20,5,0]
4,1,4,1|00ff91,,,,||
[19,2,0]
1,-1,0,1|00ff91,,,,||Scenes/Rooms/Research Sector/entrance_rs.tscn
[22,4,0]
0,0,1,0|00ff91,,,,|4|Scenes/Rooms/Research Sector/save_room_rs.tscn
[3,7,0]
-1,0,0,0|f200ff,,,,|0|
[4,7,0]
-1,0,-1,0|f200ff,,,,||
[16,11,0]
1,0,-1,0|00ae63,,,,||
[18,4,0]
0,-1,-1,0|9d00a6,,,,||
[18,7,0]
-1,1,-1,0|00ff91,,,,||
[17,4,0]
-1,-1,0,0|9d00a6,,,,||
[9,7,0]
-1,0,-1,0|9d00a6,,,,||
[10,7,0]
-1,0,-1,0|9d00a6,,,,||
[5,7,0]
-1,0,-1,4|f200ff,,,,||
[6,7,0]
2,0,-1,4|f200ff,,,,||
[8,7,0]
-1,0,-1,0|9d00a6,,,,||
[11,7,0]
-1,0,-1,0|9d00a6,,,,||
[12,7,0]
-1,0,-1,0|9d00a6,,,,||
[19,6,0]
-1,-1,1,0|00ff91,,,,||
[20,6,0]
0,-1,-1,0|00ff91,,,,||
[13,7,0]
2,0,-1,0|9d00a6,,,,||
[13,9,0]
-1,0,0,2|f200ff,,,,||
[8,11,0]
-1,0,1,0|00ae63,,,,||
[10,11,0]
-1,-1,1,0|00ae63,,,,||
[11,11,0]
-1,-1,-1,0|00ae63,,,,||
[12,11,0]
1,1,-1,0|00ae63,,,,||
[17,7,0]
-1,0,0,0|00ff91,,,,||
[15,7,0]
0,0,2,-1|f200ff,,,,||
[14,9,0]
0,-1,-1,0|f200ff,,,,||
[14,10,0]
0,0,4,-1|f200ff,,,,||
[15,11,0]
-1,0,-1,0|00ae63,,,,||
[14,5,0]
-1,2,0,4|f200ff,,,,||
[15,5,0]
-1,0,-1,4|f200ff,,,,||
[19,7,0]
-1,0,-1,-1|00ff91,,,,||
[20,7,0]
0,0,-1,-1|00ff91,,,,||
[24,3,0]
-1,-1,0,1|77775d,,,,||
[25,3,0]
0,-1,-1,0|77775d,,,,||
[24,4,0]
-1,-1,0,-1|77775d,,,,||
[25,4,0]
0,-1,-1,-1|77775d,,,,||
[25,5,0]
0,-1,-1,-1|77775d,,,,||
[24,6,0]
-1,0,-1,0|77775d,,,,||
[25,6,0]
0,0,-1,-1|77775d,,,,||
[20,8,0]
-1,-1,-1,0|77775d,,,,||
[21,8,0]
-1,-1,-1,0|77775d,,,,||
[22,8,0]
1,-1,-1,0|77775d,,,,||
[19,9,0]
-1,1,0,-1|77775d,,,,||
[20,9,0]
-1,0,-1,-1|77775d,,,,||
[21,9,0]
-1,0,-1,-1|77775d,,,,||
[22,9,0]
0,0,-1,-1|77775d,,,,||
[17,5,0]
0,0,1,-1|9d00a6,,,,||
[19,5,0]
4,0,2,0|f200ff,,,,||
[39,16,0]
-1,0,0,1|||
[40,16,0]
0,0,-1,0|||
[38,15,0]
-1,0,0,1|||
[39,15,0]
-1,1,-1,0|||
[40,15,0]
1,0,-1,1|||
[38,11,0]
0,-1,0,-1|||
[38,12,0]
1,-1,1,-1|||
[38,13,0]
0,-1,0,-1|||
[38,14,0]
1,1,0,-1|||
[41,15,0]
0,0,1,0|||
[40,14,0]
-1,1,0,0|||
[41,14,0]
0,0,-1,-1|||
[41,13,0]
0,-1,-1,0|||
[39,13,0]
-1,-1,0,0|||
[40,13,0]
-1,0,-1,0|||
[39,14,0]
0,0,1,-1|||
[39,12,0]
-1,0,1,0|||
[40,12,0]
0,0,-1,0|||
[41,12,0]
1,0,0,0|||
[42,10,0]
0,-1,1,0|||
[42,11,0]
0,-1,1,-1|||
[42,12,0]
0,0,1,-1|||
[37,10,0]
0,-1,0,0|||
[37,11,0]
0,-1,0,-1|||
[37,12,0]
1,0,0,-1|||
[38,10,0]
1,-1,0,-1|||
[38,8,0]
-1,-1,0,0|||
[38,9,0]
0,-1,0,-1|||
[39,8,0]
1,0,-1,0|||
[39,9,0]
1,0,0,0|||
[39,10,0]
1,0,1,0|||
[40,9,0]
-1,-1,1,0|||
[41,9,0]
0,-1,-1,0|||
[40,10,0]
-1,0,1,-1|||
[41,10,0]
1,0,-1,-1|||
[39,11,0]
-1,0,0,0|||
[40,11,0]
-1,0,-1,0|||
[41,11,0]
1,0,-1,0|||
[40,8,0]
1,0,1,0|||
[41,7,0]
0,-1,-1,0|||
[41,8,0]
0,0,1,-1|||
[40,7,0]
-1,0,1,0|||
[38,7,0]
1,0,0,0|||
[39,7,0]
1,0,1,1|||
[39,6,0]
-1,1,0,0|||
[40,6,0]
0,0,-1,0|||
[-10,-5,0]
-1,0,0,-1|aeae94,,,,||
[-9,-5,0]
0,0,-1,-1|77775d,,,,||
[-8,-5,0]
-1,0,0,0|aeae94,,,,||
[-7,-5,0]
0,0,-1,0|77775d,,,,||
[22,0,0]
1,-1,0,0|00ff91,,,,||
[20,1,0]
-1,0,1,0|00ff91,,,,||
[21,1,0]
-1,0,-1,0|00ff91,,,,||
[22,1,0]
0,0,-1,-1|00ff91,,,,||
[5,-2,0]
2,0,1,0|||
[4,-3,0]
1,-1,0,0|||
[4,-2,0]
1,0,1,-1|||
[5,-3,0]
0,0,1,0|||
[2,-3,0]
-1,-1,0,0|||
[3,-3,0]
0,0,-1,0|||
[2,-2,0]
-1,0,0,-1|||
[3,-2,0]
1,0,-1,0|||
[23,8,0]
-1,-1,1,-1|77775d,,,,||
[23,9,0]
0,0,0,-1|77775d,,,,||
[24,8,0]
0,0,-1,-1|77775d,,,,||
[15,8,0]
1,-1,0,0|00ae63,,,,||
[15,9,0]
0,-1,0,-1|00ae63,,,,||
[15,10,0]
0,0,0,-1|00ae63,,,,|0|
[16,6,0]
1,-1,4,0|00ae63,,,,||
[16,7,0]
0,-1,0,-1|00ae63,,,,||
[16,8,0]
0,-1,1,-1|00ae63,,,,||
[16,9,0]
0,-1,0,-1|00ae63,,,,||
[16,10,0]
1,0,0,-1|00ae63,,,,||
[17,8,0]
0,-1,0,0|00ff91,,,,|0|
[17,9,0]
1,-1,0,-1|00ff91,,,,||
[17,10,0]
1,-1,1,-1|00ff91,,,,||
[17,11,0]
1,0,1,-1|00ff91,,,,||
[18,8,0]
0,-1,0,1|00ff91,,,,||
[18,9,0]
0,0,1,-1|00ff91,,,,||
[18,10,0]
0,-1,1,0|00ff91,,,,||
[18,11,0]
0,0,1,-1|00ff91,,,,||
[17,6,0]
-1,0,1,0|00ae63,,,,||
[18,6,0]
1,0,-1,0|00ae63,,,,||
[35,-11,0]
-1,0,0,0|ffc8c8,,,,||
[36,-11,0]
-1,0,-1,0|ffc8c8,,,,||
[37,-11,0]
0,0,-1,-1|ffc8c8,,,,||
[37,-12,0]
0,-1,-1,0|ffc8c8,,,,||
[36,-12,0]
-1,0,0,0|ffc8c8,,,,||
[33,-12,0]
-1,-1,0,0|ffc8c8,,,,||
[34,-12,0]
1,-1,-1,0|ffc8c8,,,,||
[33,-11,0]
-1,0,-1,-1|ffc8c8,,,,||
[34,-11,0]
0,0,-1,-1|ffc8c8,,,,||
[31,-11,0]
-1,0,0,-1|ffc8c8,,,,||
[32,-11,0]
-1,0,-1,0|ffc8c8,,,,||
[31,-12,0]
1,-1,0,0|ffc8c8,,,,||
[30,-14,0]
1,-1,0,-1|ffc8c8,,,,||
[30,-13,0]
1,-1,1,-1|ffc8c8,,,,||
[31,-14,0]
-1,0,1,0|ffc8c8,,,,||
[32,-14,0]
-1,0,-1,0|ffc8c8,,,,||
[33,-14,0]
1,0,-1,0|ffc8c8,,,,||
[31,-13,0]
-1,0,1,0|ffc8c8,,,,||
[32,-13,0]
0,0,-1,0|ffc8c8,,,,||
[33,-13,0]
1,0,0,0|ffc8c8,,,,||
[29,-13,0]
1,0,0,0|ffc8c8,,,,||
[35,-14,0]
0,-1,1,0|ffc8c8,,,,||
[35,-13,0]
1,-1,0,-1|ffc8c8,,,,||
[35,-12,0]
0,0,1,-1|ffc8c8,,,,||
[36,-13,0]
-1,0,1,0|ffc8c8,,,,||
[37,-13,0]
1,0,-1,0|ffc8c8,,,,||
[38,-13,0]
0,0,1,0|ffc8c8,,,,||
[34,-15,0]
0,-1,1,1|ffc8c8,,,,||
[34,-14,0]
1,-1,1,-1|ffc8c8,,,,||
[34,-13,0]
0,0,1,-1|ffc8c8,,,,||
[34,-16,0]
1,1,0,0|ffc8c8,,,,||
[32,-16,0]
-1,-1,1,0|ffc8c8,,,,||
[33,-16,0]
0,-1,-1,0|ffc8c8,,,,||
[32,-15,0]
-1,0,1,-1|ffc8c8,,,,||
[33,-15,0]
1,0,-1,-1|ffc8c8,,,,||
[31,-15,0]
1,0,0,0|ffc8c8,,,,||
[31,-17,0]
-1,-1,0,0|ffc8c8,,,,||
[31,-16,0]
1,0,0,-1|ffc8c8,,,,||
[32,-17,0]
-1,0,-1,0|ffc8c8,,,,||
[33,-17,0]
-1,0,-1,1|ffc8c8,,,,||
[34,-17,0]
1,0,-1,0|ffc8c8,,,,||
[35,-17,0]
0,0,1,0|ffc8c8,,,,||
[34,-20,0]
-1,-1,0,0|ffedc8,,,,||
[35,-20,0]
1,-1,-1,0|ffedc8,,,,||
[34,-19,0]
-1,-1,1,-1|ffc8c8,,,,||
[35,-19,0]
0,-1,-1,-1|ffc8c8,,,,||
[34,-18,0]
-1,0,1,-1|ffc8c8,,,,||
[35,-18,0]
0,0,-1,-1|ffc8c8,,,,||
[36,-20,0]
-1,0,1,0|ffedc8,,,,||
[37,-20,0]
0,0,-1,0|ffedc8,,,,||
[32,-18,0]
-1,0,1,0|ffc8c8,,,,||
[33,-18,0]
1,1,-1,0|ffc8c8,,,,||
[30,-19,0]
-1,-1,0,0|ff0000,,,,||
[31,-19,0]
0,-1,-1,0|ffc8c8,,,,||
[30,-18,0]
-1,0,0,-1|ffc8c8,,,,||
[31,-18,0]
1,0,-1,-1|ffc8c8,,,,||
[30,-21,0]
-1,-1,0,0|ffc8c8,,,,||
[31,-21,0]
1,-1,-1,0|ffc8c8,,,,||
[30,-20,0]
-1,0,0,-1|ffc8c8,,,,||
[31,-20,0]
0,0,-1,-1|ffc8c8,,,,||
[32,-20,0]
1,0,0,0|ffc8c8,,,,||
[32,-21,0]
1,0,1,0|ffc8c8,,,,||
[32,-19,0]
1,0,1,0|ffc8c8,,,,||
[33,-21,0]
0,-1,1,0|ffc8c8,,,,||
[33,-20,0]
0,-1,1,-1|ffc8c8,,,,||
[33,-19,0]
1,0,1,-1|ffc8c8,,,,||
[30,-11,0]
1,0,0,1|ffc8c8,,,,||
[30,-12,0]
0,1,0,-1|ffc8c8,,,,||
[29,-12,0]
0,-1,0,0|ffedc8,,,,||
[29,-11,0]
0,0,1,-1|ffedc8,,,,||
[28,-14,0]
1,-1,0,0|ffedc8,,,,||
[28,-13,0]
0,-1,0,-1|ffedc8,,,,||
[28,-12,0]
0,-1,0,-1|ffedc8,,,,||
[28,-11,0]
1,0,0,-1|ffedc8,,,,||
[29,-16,0]
1,-1,0,0|ffedc8,,,,||
[29,-15,0]
0,-1,1,-1|ffedc8,,,,||
[29,-14,0]
0,0,1,-1|ffedc8,,,,||
[27,-15,0]
-1,0,0,0|ffedc8,,,,||
[28,-15,0]
1,0,-1,0|13ff00,,,,||
[30,-17,0]
0,-1,-1,0|ffedc8,,,,||
[30,-16,0]
0,-1,1,-1|ffedc8,,,,||
[30,-15,0]
0,-1,0,-1|ffedc8,,,,||
[29,-17,0]
-1,0,0,0|ffedc8,,,,||
[32,-12,0]
0,0,0,0|ffedc8,,,,||
[36,-14,0]
1,0,0,0|ffc8c8,,,,||
[37,-14,0]
-1,0,1,0|ffc8c8,,,,||
[38,-14,0]
1,0,-1,0|ffc8c8,,,,||
[39,-16,0]
1,-1,0,1|ffc8c8,,,,||
[39,-15,0]
0,-1,1,-1|ffc8c8,,,,||
[39,-14,0]
1,0,1,-1|ffc8c8,,,,||
[39,-17,0]
0,1,0,0|c8cdff,,,,||
[40,-16,0]
0,-1,1,0|ffc8c8,,,,||
[40,-15,0]
-1,0,0,-1|ffedc8,,,,||
[41,-15,0]
-1,0,-1,-1|ffedc8,,,,||
[41,-16,0]
0,-1,0,0|ffedc8,,,,||
[42,-15,0]
0,0,-1,-1|ffedc8,,,,||
[42,-16,0]
0,-1,0,1|ffedc8,,,,||
[42,-17,0]
0,1,0,0|ffedc8,,,,||
[41,-14,0]
-1,0,-1,0|ffc8c8,,,,||
[42,-14,0]
0,0,-1,0|ffc8c8,,,,||
[40,-14,0]
-1,-1,1,0|ffc8c8,,,,||
[40,-13,0]
0,0,1,-1|ffc8c8,,,,||
[39,-13,0]
1,0,0,0|ffc8c8,,,,||
[36,-15,0]
-1,0,1,0|ffedc8,,,,||
[37,-15,0]
-1,0,-1,0|ffedc8,,,,||
[38,-15,0]
1,0,-1,0|ffedc8,,,,||
[35,-15,0]
1,0,0,0|ffedc8,,,,||
[35,-16,0]
-1,0,1,0|ffc8c8,,,,||
[36,-16,0]
-1,0,-1,1|ffc8c8,,,,||
[37,-16,0]
-1,0,-1,0|ffc8c8,,,,||
[38,-16,0]
0,0,-1,0|ffc8c8,,,,||
[36,-19,0]
1,-1,0,0|ffedc8,,,,||
[36,-18,0]
0,-1,0,-1|ffedc8,,,,||
[36,-17,0]
1,1,0,-1|ffc8c8,,,,||
[37,-17,0]
-1,0,1,0|c8cdff,,,,||
[38,-17,0]
0,0,-1,-1|c8cdff,,,,||
[38,-18,0]
1,-1,1,0|c8cdff,,,,||
[37,-18,0]
1,0,0,0|c8cdff,,,,||
[37,-19,0]
1,0,1,0|c8cdff,,,,||
[38,-19,0]
1,0,1,1|c8cdff,,,,||
[38,-20,0]
0,1,0,0|c8cdff,,,,||
[39,-19,0]
-1,0,1,0|c8cdff,,,,||
[40,-19,0]
1,0,-1,0|c8cdff,,,,||
[41,-19,0]
-1,0,1,0|c8cdff,,,,||
[42,-19,0]
0,-1,-1,0|c8cdff,,,,||
[42,-18,0]
0,0,1,-1|c8cdff,,,,||
[40,-18,0]
-1,-1,1,0|c8cdff,,,,||
[41,-18,0]
1,-1,-1,0|c8cdff,,,,||
[40,-17,0]
-1,0,0,-1|c8cdff,,,,||
[41,-17,0]
0,0,-1,-1|c8cdff,,,,||
[39,-18,0]
1,0,1,0|c8cdff,,,,||
[43,-15,0]
0,-1,0,0|ffedc8,,,,||
[43,-14,0]
1,1,0,-1|ffc8c8,,,,||
[46,-15,0]
0,-1,-1,0|ffedc8,,,,||
[45,-14,0]
-1,1,0,0|ffc8c8,,,,||
[46,-14,0]
0,0,-1,-1|ffedc8,,,,||
[19,-1,0]
-1,0,0,0|00ae63,,,,|0|
[19,0,0]
-1,-1,0,0|00ae63,,,,||
[19,1,0]
1,1,0,-1|00ae63,,,,||
[20,0,0]
-1,0,-1,0|00ae63,,,,||
[21,0,0]
0,0,-1,-1|00ae63,,,,||
[21,-1,0]
0,-1,-1,0|00ae63,,,,||
[20,-1,0]
-1,0,-1,0|00ae63,,,,||
[20,2,0]
-1,-1,1,0|00ff91,,,,||
[21,2,0]
-1,-1,-1,0|00ff91,,,,||
[20,3,0]
-1,0,1,-1|00ff91,,,,|0|
[23,0,0]
0,1,1,0|aeae94,,,,||
[23,3,0]
0,-1,0,1|aeae94,,,,||
[23,4,0]
0,-1,0,-1|aeae94,,,,||
[23,5,0]
0,0,1,-1|aeae94,,,,||
[22,5,0]
1,-1,1,0|aeae94,,,,||
[21,5,0]
1,0,4,0|aeae94,,,,||
[21,6,0]
1,0,0,0|aeae94,,,,|3|
[21,7,0]
1,0,0,0|aeae94,,,,|4|
[22,6,0]
0,-1,1,-1|aeae94,,,,||
[22,7,0]
0,0,1,-1|aeae94,,,,||
[23,1,0]
-1,-1,0,1|aeae94,,,,||
[24,1,0]
0,-1,-1,0|aeae94,,,,||
[23,2,0]
-1,1,0,-1|aeae94,,,,||
[24,2,0]
0,1,-1,-1|aeae94,,,,||
[23,6,0]
-1,-1,0,0|77775d,,,,||
[23,7,0]
-1,-1,0,-1|77775d,,,,||
[24,7,0]
0,-1,-1,0|77775d,,,,||
[24,5,0]
-1,0,0,-1|77775d,,,,||
[19,8,0]
-1,-1,0,0|77775d,,,,||
[19,10,0]
-1,0,0,1|77775d,,,,||
[20,10,0]
1,0,-1,0|77775d,,,,|2|
[21,10,0]
0,0,1,0|aeae94,,,,|3|
[12,12,0]
-1,0,0,1|00ae63,,,,||
[13,12,0]
1,0,-1,0|00ae63,,,,||
[14,12,0]
0,0,1,0|00ae63,,,,|3|
[10,12,0]
-1,0,0,-1|00ae63,,,,|0|
[14,6,0]
0,-1,0,2|9d00a6,,,,||
[14,7,0]
2,2,2,-1|9d00a6,,,,||
[15,6,0]
4,-1,0,0|f200ff,,,,||
[18,5,0]
2,0,0,-1|9d00a6,,,,||
[16,5,0]
1,0,-1,0|f200ff,,,,||
[6,9,0]
-1,0,1,0|f200ff,,,,||
[7,9,0]
1,0,-1,0|f200ff,,,,||
[7,7,0]
-1,0,2,0|9d00a6,,,,||
[14,11,0]
-1,0,-1,0|00ae63,,,,||
[13,10,0]
4,-1,1,0|00ae63,,,,||
[13,11,0]
-1,0,1,-1|00ae63,,,,||
[12,10,0]
1,0,-1,0|00ae63,,,,||
[9,10,0]
-1,0,0,0|00ae63,,,,|0|
[10,10,0]
-1,0,-1,0|00ae63,,,,||
[11,10,0]
-1,0,-1,0|00ae63,,,,||
[8,10,0]
0,0,4,1|f200ff,,,,|4|
[6,10,0]
-1,-1,0,0|00ae63,,,,||
[7,10,0]
4,-1,-1,0|00ae63,,,,||
[6,11,0]
-1,-1,0,-1|00ae63,,,,||
[7,11,0]
1,-1,-1,-1|00ae63,,,,||
[6,12,0]
-1,-1,0,-1|00ae63,,,,||
[7,12,0]
0,-1,-1,-1|00ae63,,,,||
[6,13,0]
-1,0,0,-1|00ae63,,,,||
[7,13,0]
1,0,-1,-1|00ae63,,,,||
[8,12,0]
-1,-1,0,0|00ae63,,,,||
[9,12,0]
0,-1,-1,0|00ae63,,,,||
[8,13,0]
-1,0,1,-1|00ae63,,,,||
[9,13,0]
0,0,-1,-1|00ae63,,,,|0|
[8,9,0]
1,1,1,2|f200ff,,,,||
[5,8,0]
-1,0,0,0|9d00a6,,,,|0|
[6,8,0]
-1,0,-1,0|9d00a6,,,,||
[7,8,0]
-1,0,-1,0|9d00a6,,,,||
[8,8,0]
-1,2,-1,0|9d00a6,,,,||
[9,8,0]
-1,0,-1,0|9d00a6,,,,||
[10,8,0]
-1,0,-1,0|9d00a6,,,,||
[11,8,0]
-1,0,-1,0|9d00a6,,,,||
[12,8,0]
-1,0,-1,0|9d00a6,,,,||
[13,8,0]
-1,2,-1,0|9d00a6,,,,||
[14,8,0]
0,0,-1,2|9d00a6,,,,||
[5,9,0]
1,0,0,0|f200ff,,,,|0|
[9,9,0]
-1,0,1,0|f200ff,,,,||
[10,9,0]
-1,0,-1,0|f200ff,,,,||
[11,9,0]
1,0,-1,0|f200ff,,,,||
[12,9,0]
0,0,1,0|f200ff,,,,|0|
[44,-16,0]
-1,0,0,0|ffedc8,,,,||
[45,-16,0]
-1,0,-1,0|ffedc8,,,,||
[46,-16,0]
0,0,-1,-1|ffedc8,,,,||
[46,-17,0]
1,-1,0,0|ffedc8,,,,||
[45,-15,0]
-1,0,-1,0|ffedc8,,,,||
[44,-15,0]
-1,-1,0,0|ffedc8,,,,||
[44,-14,0]
0,0,1,-1|ffedc8,,,,||
[43,-17,0]
-1,-1,0,0|ffedc8,,,,||
[43,-16,0]
0,0,0,-1|ffedc8,,,,||
[44,-17,0]
-1,0,-1,0|ffedc8,,,,||
[45,-17,0]
0,0,-1,-1|ffedc8,,,,||
[45,-18,0]
0,-1,-1,0|ffedc8,,,,||
[43,-18,0]
-1,0,0,0|ffedc8,,,,||
[44,-18,0]
-1,0,-1,0|ffedc8,,,,||
[47,-17,0]
0,1,1,0|ffedc8,,,,||
[47,-16,0]
-1,-1,0,1|ffedc8,,,,||
[48,-16,0]
0,-1,-1,0|ffedc8,,,,||
[47,-15,0]
-1,1,0,-1|ffedc8,,,,||
[48,-15,0]
0,1,-1,-1|ffedc8,,,,||
[48,-14,0]
-1,-1,0,1|ffedc8,,,,||
[49,-14,0]
0,-1,-1,0|ffedc8,,,,||
[48,-13,0]
-1,-1,0,-1|ffedc8,,,,||
[49,-13,0]
0,-1,-1,-1|ffedc8,,,,||
[48,-12,0]
-1,0,0,-1|ffedc8,,,,||
[49,-12,0]
0,-1,-1,-1|ffedc8,,,,||
[49,-11,0]
0,0,-1,-1|ffedc8,,,,||
[47,-11,0]
-1,-1,0,0|ccffc8,,,,||
[48,-11,0]
-1,0,-1,0|ffedc8,,,,||
[47,-10,0]
-1,-1,0,-1|ccffc8,,,,||
[48,-10,0]
0,-1,-1,0|ccffc8,,,,||
[47,-9,0]
-1,-1,1,-1|ccffc8,,,,||
[48,-9,0]
0,0,-1,-1|ccffc8,,,,||
[47,-8,0]
0,0,0,-1|ccffc8,,,,||
[43,-9,0]
-1,-1,0,0|ccffc8,,,,||
[44,-9,0]
-1,-1,-1,0|ccffc8,,,,||
[45,-9,0]
-1,-1,-1,0|ccffc8,,,,||
[46,-9,0]
1,-1,-1,0|ccffc8,,,,||
[43,-8,0]
-1,1,0,-1|ccffc8,,,,||
[44,-8,0]
-1,0,-1,-1|ccffc8,,,,||
[45,-8,0]
-1,0,-1,-1|ccffc8,,,,||
[46,-8,0]
0,0,-1,-1|ccffc8,,,,||
[43,-7,0]
-1,0,0,1|ccffc8,,,,||
[44,-7,0]
1,0,-1,0|ccffc8,,,,||
[45,-7,0]
0,0,1,0|ccffc8,,,,||
[42,-7,0]
0,-1,1,0|ffedc8,,,,||
[42,-6,0]
0,0,1,-1|ffedc8,,,,||
[42,-9,0]
0,-1,0,1|ffc8c8,,,,||
[42,-8,0]
0,0,1,-1|ffc8c8,,,,||
[41,-9,0]
0,-1,0,0|ffedc8,,,,||
[41,-8,0]
1,-1,0,-1|ffc8c8,,,,||
[41,-7,0]
1,-1,1,-1|ffedc8,,,,||
[41,-6,0]
1,0,1,-1|ffedc8,,,,||
[41,-10,0]
-1,0,0,0|ffc8c8,,,,||
[42,-10,0]
-1,1,-1,0|ffc8c8,,,,||
[43,-10,0]
-1,0,-1,-1|ffc8c8,,,,||
[44,-10,0]
0,0,-1,-1|ffc8c8,,,,||
[43,-11,0]
-1,-1,1,0|ffc8c8,,,,||
[44,-11,0]
0,-1,-1,1|ffc8c8,,,,||
[45,-10,0]
1,0,0,0|ffedc8,,,,||
[45,-11,0]
1,0,0,0|ffedc8,,,,||
[45,-12,0]
1,0,1,0|ffedc8,,,,||
[46,-12,0]
1,-1,1,0|ffedc8,,,,||
[46,-11,0]
0,-1,1,-1|ffedc8,,,,||
[46,-10,0]
0,0,1,-1|ffedc8,,,,||
[46,-13,0]
0,0,1,0|ffc8c8,,,,||
[43,-13,0]
-1,0,0,1|ffc8c8,,,,||
[44,-13,0]
-1,1,-1,0|ffc8c8,,,,||
[45,-13,0]
1,0,-1,1|ffc8c8,,,,||
[44,-12,0]
1,1,1,1|ffc8c8,,,,||
[43,-12,0]
1,0,1,0|ccffc8,,,,||
[47,-14,0]
0,-1,0,1|ffedc8,,,,||
[47,-13,0]
0,-1,0,-1|ffedc8,,,,||
[47,-12,0]
0,0,1,-1|ffedc8,,,,||
[42,-13,0]
0,-1,-1,0|ccffc8,,,,||
[42,-12,0]
1,0,0,-1|ccffc8,,,,||
[41,-13,0]
-1,-1,0,0|ccffc8,,,,||
[41,-12,0]
0,0,1,-1|ccffc8,,,,||
[38,-12,0]
-1,1,0,0|ccffc8,,,,||
[39,-12,0]
-1,0,-1,0|ccffc8,,,,||
[40,-12,0]
1,0,-1,0|ccffc8,,,,||
[38,-11,0]
0,-1,0,1|ccffc8,,,,||
[38,-10,0]
1,1,1,-1|ccffc8,,,,||
[39,-11,0]
1,-1,0,0|ccffc8,,,,||
[39,-10,0]
0,0,1,-1|ccffc8,,,,||
[41,-11,0]
-1,0,1,0|ffc8c8,,,,||
[42,-11,0]
1,0,-1,0|ffc8c8,,,,||
[40,-11,0]
1,-1,1,0|ffc8c8,,,,||
[40,-10,0]
0,-1,0,-1|ffc8c8,,,,||
[40,-9,0]
0,-1,1,-1|ffc8c8,,,,||
[40,-8,0]
0,-1,0,-1|ffedc8,,,,||
[40,-7,0]
1,0,0,-1|ffedc8,,,,||
[37,-6,0]
-1,0,1,-1|ccffc8,,,,||
[38,-6,0]
-1,0,-1,0|ccffc8,,,,||
[39,-6,0]
-1,0,-1,0|ccffc8,,,,||
[40,-6,0]
1,0,-1,0|ccffc8,,,,||
[37,-7,0]
1,-1,1,0|ccffc8,,,,||
[38,-8,0]
0,-1,-1,0|ccffc8,,,,||
[38,-7,0]
0,0,1,-1|ccffc8,,,,||
[37,-8,0]
-1,0,0,1|ccffc8,,,,||
[39,-9,0]
1,-1,0,0|ffc8c8,,,,||
[39,-8,0]
0,-1,0,-1|ffc8c8,,,,||
[39,-7,0]
0,0,0,-1|fdff00,,,,||
[27,-10,0]
-1,0,0,0|ccffc8,,,,||
[28,-10,0]
-1,0,-1,0|ccffc8,,,,||
[29,-10,0]
-1,0,-1,0|ccffc8,,,,||
[30,-10,0]
1,0,-1,0|ccffc8,,,,||
[31,-10,0]
-1,0,1,0|ccffc8,,,,||
[32,-10,0]
-1,0,-1,0|ccffc8,,,,||
[33,-10,0]
-1,0,-1,0|ccffc8,,,,||
[34,-10,0]
-1,0,-1,0|ccffc8,,,,||
[35,-10,0]
-1,0,-1,0|ccffc8,,,,||
[36,-10,0]
-1,0,-1,0|ccffc8,,,,||
[37,-10,0]
1,0,-1,0|ccffc8,,,,||
[29,-9,0]
-1,0,0,0|ccffc8,,,,||
[30,-9,0]
-1,0,-1,0|ccffc8,,,,||
[31,-9,0]
-1,0,-1,0|ccffc8,,,,||
[32,-9,0]
-1,1,-1,0|ccffc8,,,,||
[33,-9,0]
-1,0,-1,0|ccffc8,,,,||
[34,-9,0]
-1,0,-1,0|ccffc8,,,,||
[35,-9,0]
-1,0,-1,0|ccffc8,,,,||
[36,-9,0]
-1,0,-1,0|ccffc8,,,,||
[37,-9,0]
-1,1,-1,0|ccffc8,,,,||
[38,-9,0]
0,0,-1,1|ccffc8,,,,||
[29,-8,0]
1,0,0,0|ccffc8,,,,||
[30,-8,0]
-1,0,1,0|ccffc8,,,,||
[31,-8,0]
1,0,-1,0|ccffc8,,,,||
[32,-8,0]
1,1,1,1|ccffc8,,,,||
[33,-8,0]
-1,0,1,0|ccffc8,,,,||
[34,-8,0]
-1,0,-1,0|ccffc8,,,,||
[35,-8,0]
1,0,-1,0|ccffc8,,,,||
[36,-8,0]
0,0,1,0|ccffc8,,,,||
[33,-7,0]
-1,0,0,0|ccffc8,,,,||
[34,-7,0]
-1,0,-1,0|ccffc8,,,,||
[35,-7,0]
-1,0,-1,0|ccffc8,,,,||
[36,-7,0]
1,0,-1,0|ccffc8,,,,||
[32,-7,0]
0,0,1,0|ccffc8,,,,||
[30,-7,0]
-1,-1,0,0|ccffc8,,,,||
[31,-7,0]
1,-1,-1,0|ccffc8,,,,||
[30,-6,0]
-1,-1,0,-1|ccffc8,,,,||
[31,-6,0]
1,-1,-1,-1|ccffc8,,,,||
[30,-5,0]
-1,-1,0,-1|ccffc8,,,,||
[31,-5,0]
0,-1,-1,-1|ccffc8,,,,||
[30,-4,0]
-1,0,0,-1|ccffc8,,,,||
[31,-4,0]
1,0,-1,-1|ccffc8,,,,||
[32,-5,0]
-1,-1,0,0|ccffc8,,,,||
[33,-5,0]
0,-1,-1,0|ccffc8,,,,||
[32,-4,0]
-1,0,1,-1|ccffc8,,,,||
[33,-4,0]
0,0,-1,-1|0200ff,,,,||
[32,-6,0]
-1,0,1,0|ccffc8,,,,||
[33,-6,0]
-1,0,-1,0|ccffc8,,,,||
[34,-6,0]
-1,0,-1,0|ccffc8,,,,||
[35,-6,0]
-1,0,-1,0|ccffc8,,,,||
[36,-6,0]
1,1,-1,0|ccffc8,,,,||
[34,-5,0]
1,0,0,0|ccffc8,,,,||
[35,-5,0]
-1,0,1,0|ccffc8,,,,||
[36,-5,0]
-1,0,-1,1|ccffc8,,,,||
[37,-5,0]
1,0,-1,0|ccffc8,,,,||
[38,-5,0]
0,0,1,0|ccffc8,,,,||
[11,12,0]
0,0,-1,-1|00ae63,,,,||
[9,11,0]
1,0,-1,0|00ae63,,,,||
[7,-1,0]
2,0,-1,-1|ffb400,,,,||Scenes/Rooms/Docking Bay/bay_alpha_db.tscn
[7,-2,0]
4,-1,-1,0|ffb400,,,,||Scenes/Rooms/Docking Bay/bay_alpha_db.tscn
[6,-2,0]
-1,-1,2,0|ffb400,,,,||Scenes/Rooms/Docking Bay/bay_alpha_db.tscn
[6,-1,0]
-1,0,0,-1|ffb400,,,,||Scenes/Rooms/Docking Bay/bay_alpha_db.tscn
[8,-1,0]
-1,0,2,0|ffb400,,,,||Scenes/Rooms/Docking Bay/waiting_room_db.tscn
[9,-1,0]
2,1,-1,0|ffb400,,,,||Scenes/Rooms/Docking Bay/waiting_room_db.tscn
[8,-2,0]
1,0,4,0|ffb400,,,,||Scenes/Rooms/Docking Bay/service_hall.tscn
[10,-2,0]
-1,-1,1,-1|ffb400,,,,||Scenes/Rooms/Docking Bay/bay_gamma_db.tscn
[10,-3,0]
-1,-1,0,0|ffb400,,,,||Scenes/Rooms/Docking Bay/bay_gamma_db.tscn
[11,-3,0]
4,-1,-1,0|ffb400,,,,||Scenes/Rooms/Docking Bay/bay_gamma_db.tscn
[10,-1,0]
-1,0,2,-1|ffb400,,,,||Scenes/Rooms/Docking Bay/bay_gamma_db.tscn
[11,-1,0]
0,0,-1,-1|ffb400,,,,||Scenes/Rooms/Docking Bay/bay_gamma_db.tscn
[11,-2,0]
0,-1,-1,-1|ffb400,,,,||Scenes/Rooms/Docking Bay/bay_gamma_db.tscn
[12,-3,0]
-1,0,4,0|b78100,,,,||Scenes/Rooms/Docking Bay/storage_room.tscn
[13,-3,0]
0,0,-1,0|b78100,,,,||Scenes/Rooms/Docking Bay/storage_room.tscn
[9,-2,0]
1,0,1,-1|ffb400,,,,||Scenes/Rooms/Docking Bay/service_crossroads.tscn
[9,-3,0]
0,-1,1,-1|ffb400,,,,||Scenes/Rooms/Docking Bay/service_crossroads.tscn
[9,-4,0]
0,-1,1,0|ffb400,,,,||Scenes/Rooms/Docking Bay/service_crossroads.tscn
[8,-3,0]
1,0,0,0|ffb400,,,,|3|Scenes/Rooms/Docking Bay/save_room_db.tscn
[8,-4,0]
1,0,1,0|ffb400,,,,||Scenes/Rooms/Docking Bay/maintenence_room.tscn
[7,-3,0]
0,0,-1,-1|ffb400,,,,||Scenes/Rooms/Docking Bay/bay_beta_db.tscn
[7,-4,0]
1,-1,-1,0|ffb400,,,,||Scenes/Rooms/Docking Bay/bay_beta_db.tscn
[6,-4,0]
-1,-1,0,0|ffb400,,,,||Scenes/Rooms/Docking Bay/bay_beta_db.tscn
[6,-3,0]
-1,0,0,-1|ffb400,,,,||Scenes/Rooms/Docking Bay/bay_beta_db.tscn
